object InitGeoFrame: TInitGeoFrame
  Left = 0
  Top = 0
  Width = 645
  Height = 364
  TabOrder = 0
  object DatePicker: TDateTimePicker
    Left = 144
    Top = 96
    Width = 145
    Height = 24
    Date = 37325.720484294000000000
    Time = 37325.720484294000000000
    TabOrder = 0
  end
  object TimePicker: TDateTimePicker
    Left = 400
    Top = 96
    Width = 145
    Height = 24
    Date = 37325.720484294000000000
    Time = 37325.720484294000000000
    Kind = dtkTime
    TabOrder = 1
  end
end
